919045527523
918285698087
919910806164
918176958154
917217229072
918449466911
917454948749
919450111826
919741971286
917388765022
917388765022
917388765022
919636287680
919636230720
917534962271
918004471364
918004243151
918000155526
919873837344
919935308943
919634446420
919634393464
919557752950
919557752950
919600225904
919891482338
918004546629
918958077377
919650207563
918958360232
917895710210
917417265811
919057948497
917895899384
919958636462
917895219991
917895219991
918004265051
919450111826
918958434949
919611257907
917895776474
917895776474
917417744181
918171575908
918868003003
918744827895
919958636462
919837969182
917398368540
918868003003
917398368540
917895710210
918447719975
918171331341
919794606000
918439101242
917838204992
919634393464
919953869446
919554083528
919672207368
917599412895
918791041917
919045527523
919811507948
917417994898
919205850237
917895900956
919455087840
919455087840
917230968857
917230968857
917409377774
917550456770
917351644226
919917545455
919451531346
919045321537
919455182373
918127026009
917792077381
917792077381
919999106604
919760295088
918791551689
919170143309
918923193176
918750779869
918923193176
919828104224
919410249968
919457112436
917784842334
917417005523
919350157921
919917741206
919457118343
918535028539
919455681163
919891292433
919891292433
918860604560
919211902977
919211902977
919458751061
917000825007
919456639848
